-77.9 -13.6
-77.7083 -13.8
-77.5417 -14
-77.3333 -14.2
-77.1667 -14.4
-76.9583 -14.6
-76.775 -14.8
-76.5667 -15
-76.4 -15.2
-76.1417 -15.4
-75.9333 -15.6
-75.7333 -15.8
-75.5667 -16
-75.375 -16.2
-75.125 -16.4
-74.8917 -16.6
-74.5 -16.8
-74.1333 -17
-73.9083 -17.2
-73.725 -17.4
-73.4083 -17.6
-73.175 -17.8
-72.9 -18
-72.675 -18.2
-72.4417 -18.4
-72.2583 -18.6
-72.0917 -18.8
-71.9083 -19
-71.7667 -19.2
-71.6333 -19.4
-71.5083 -19.6
-71.425 -19.8
-71.3833 -20
-71.275 -20.2
-71.275 -20.4
-71.2167 -20.6
-71.2083 -20.8
-71.275 -21
-71.2083 -21.2
-71.1667 -21.4
-71.175 -21.6
-71.1917 -21.8
-71.25 -22
-71.2083 -22.2
-71.2333 -22.4
-71.2417 -22.6
-71.25 -22.8
-71.2833 -23
-71.3083 -23.2
-71.3417 -23.4
-71.3417 -23.6
-71.3583 -23.8
-71.4 -24
-71.4417 -24.2
-71.4417 -24.4
-71.4417 -24.6
-71.4417 -24.8
-71.4583 -25
-71.475 -25.2
-71.4917 -25.4
-71.55 -25.6
-71.5417 -25.8
-71.5583 -26
-71.5833 -26.2
-71.6 -26.4
-71.6667 -26.6
-71.675 -26.8
-71.7083 -27
-71.7833 -27.2
-71.825 -27.4
-71.9083 -27.6
-71.9583 -27.8
-72.0083 -28
-72.075 -28.2
-72.125 -28.4
-72.1833 -28.6
-72.2083 -28.8
-72.2667 -29
-72.2917 -29.2
-72.3417 -29.4
-72.4 -29.6
-72.4167 -29.8
-72.4667 -30
-72.4917 -30.2
-72.5 -30.4
-72.55 -30.6
-72.55 -30.8
-72.5833 -31
-72.6 -31.2
-72.5917 -31.4
-72.6333 -31.6
-72.6417 -31.8
-72.625 -32
-72.6583 -32.2
-72.6667 -32.4
-72.7167 -32.6
-72.725 -32.8
-72.8167 -33
-72.9417 -33.2
-73.025 -33.4
-73.0917 -33.6
-73.175 -33.8
-73.22083 -34
-73.275 -34.2
-73.375 -34.4
-73.4833 -34.6
-73.6333 -34.8
-73.725 -35
-73.7917 -35.2
-73.7667 -35.3
-73.7967 -35.4
-73.855 -35.5
-73.975 -35.6
-74.0833 -35.8
-74.1917 -36
-74.275 -36.2
-74.3917 -36.4
-74.4567 -36.5
#-74.65 -36.6
-74.51 -36.6
-74.5583 -36.7
#-74.6417 -36.8
-74.60 -36.8 
-74.6167 -36.9
-74.575 -37
-74.5583 -37.1
-74.525 -37.2
-74.5917 -37.4
-74.6667 -37.6
-74.7417 -37.8
-74.725 -38
-74.6333 -38.2
-74.6667 -38.4
#-74.9833 -38.5
-74.7917 -38.6
-74.8333 -38.7
-74.9167 -38.8
-75.05 -39
-75.1083 -39.2
-75.125 -39.4
-75.1417 -39.6
-75.2083 -39.8
-75.2417 -40
-75.2417 -40.2
-75.125 -40.4
-75.1833 -40.6
-75.15 -40.8
-75.2167 -41
-75.31 -41.2
-75.3833 -41.4
-75.475 -41.6
-75.5 -41.8
-75.4583 -42
-75.5583 -42.2
-75.6 -42.4
-75.6 -42.6
-75.5833 -42.8
-75.55 -43
-75.65 -43.2
-75.70 -43.4
-75.7333 -43.6
-75.8917 -43.8
-75.9 -44
-75.8583 -44.2
-75.925 -44.4
-75.8917 -44.6
-75.9083 -44.8
-76.08 -45
-76.0833 -45.2
-76.0083 -45.4
-75.9917 -45.6
-75.9333 -45.8
-75.9 -45.9
-75.9083 -46
-75.8333 -46.2
-76.0833 -46.6
-76.1667 -46.8
-76.3833 -47
-76.4 -47.2
-76.5167 -47.4
-76.75 -47.6
-76.9667 -47.8
-77.166 -48.0139
-77.286 -48.2316
-77.366 -48.4608
-77.464 -48.7014
-77.51 -49.0452
-77.50 -49
-77.40 -49.9
-77.30 -50
-77.20 -50.1
-77.10 -50.2
-76.9917 -50.4
-76.9333 -50.5
-76.8417 -50.7
-76.8333 -50.8
-76.65 -51.1
-76.5833 -51.4
-76.5417 -51.5
-76.4167 -51.6
-76.4083 -51.7
-76.35 -52
-76.4 -52.2
-76.4083 -52.3
-76.25 -53.3
-76.2417 -53.5
-76.1667 -53.6
-75.875 -53.8
-75.7417 -54
-75.5083 -54.2
-74.8667 -54.6
-74.575 -54.8
-73.9 -55.2
-73.7417 -55.4
-72.5917 -55.8
-72.2833 -56
 -7.15481E+01 -5.62552E+01
 -7.04011E+01 -5.66220E+01
 -6.92561E+01 -5.68522E+01
 -6.80972E+01 -5.70717E+01
 -6.71018E+01 -5.75019E+01
 -6.58672E+01 -5.77363E+01
 -6.46170E+01 -5.79586E+01
